# GIMP colorrc
# 
# This file holds a list of recently used colors.

(color-history
    (color-rgba 0.91764705882352937 0.29411764705882354 0.54509803921568623 1)
    (color-rgba 0.92549026012420654 0.0039215688593685627 0.31372550129890442 1)
    (color-rgba 1 0.9647059440612793 0.9647059440612793 1)
    (color-rgba 0.29411765933036804 0.3333333432674408 0.41176474094390869 1)
    (color-rgba 0.29803921568627451 0.33725490196078434 0.41568627450980394 1)
    (color-rgba 0.84705882352941175 0.87058823529411766 0.9137254901960784 1)
    (color-rgba 0.23137254901960785 0.25882352941176473 0.32156862745098042 1)
    (color-rgba 0.21568627450980393 0.24313725490196078 0.30196078431372547 1)
    (color-rgba 0.38823529411764707 0.77254901960784317 0.91764705882352937 1)
    (color-rgba 0.2627450980392157 0.29803921568627451 0.36862745098039218 1)
    (color-rgba 0.21568627450980393 0.24313725490196078 0.30196078431372547 4.6488680655450682e-310)
    (color-rgba 0.93333333333333335 0.93333333333333335 0.93333333333333335 1)
    (color-rgba 0.79259259259259263 0.79259259259259263 0.79259259259259263 1)
    (color-rgba 0.72592592592592586 0.72592592592592586 0.72592592592592586 1)
    (color-rgba 0.86296296296296293 0.86296296296296293 0.86296296296296293 1)
    (color-rgba 0.098039215686274508 0.098039215686274508 0.098039215686274508 1)
    (color-rgba 0.9490196704864502 0.9490196704864502 0.94509810209274292 1)
    (color-rgba 0.85882359743118286 0.85882359743118286 0.85490202903747559 1)
    (color-rgba 0 0 0 1)
    (color-rgba 0.76296296296296295 0.76296296296296295 0.76296296296296295 1)
    (color-rgba 0.90980398654937744 0.90980398654937744 0.90588241815567017 1)
    (color-rgba 0.58431375026702881 0.58431375026702881 0.58431375026702881 1)
    (color-rgba 0.96862751245498657 0.96862751245498657 0.9647059440612793 1)
    (color-rgba 1 0.96470588235294119 0.96470588235294119 6.9532643768536906e-310)
    (color-rgba 0.81176470588235294 0.55686274509803924 0.95686274509803926 1)
    (color-rgba 0.62352943420410156 0.62745100259780884 0.85490202903747559 1)
    (color-rgba 0.69803923368453979 0.57647061347961426 0.88235300779342651 1)
    (color-rgba 0.61568629741668701 0.63529413938522339 0.85490202903747559 1)
    (color-rgba 0.35294118523597717 0.40392160415649414 0.47058826684951782 1)
    (color-rgba 1 0.68627450980392157 0.83921568627450982 1)
    (color-rgba 0.89411771297454834 0.85490202903747559 0.89019614458084106 1)
    (color-rgba 0.48471290082028334 0.51573451861439279 0.57777777777777772 1)
    (color-rgba 1 1 1 1)
    (color-rgba 0.40715883668903807 0.4442787212289982 0.5185185185185186 1)
    (color-rgba 0.36077554064131245 0.3923688709428455 0.4555555555555556 1)
    (color-rgba 0.31429281630623906 0.35273841100834064 0.42962962962962958 1)
    (color-rgba 0.27138951031568481 0.31179052750694491 0.3925925925925926 1)
    (color-rgba 0.21568627450980393 0.21568627450980393 0.21568627450980393 1)
    (color-rgba 0.66666666666666663 0.78823529411764703 0.80784313725490198 1)
    (color-rgba 1 0.40392160415649414 0.4745098352432251 1)
    (color-rgba 0.80000000000000004 0.6705882352941176 0.84705882352941175 1)
    (color-rgba 0.9960784912109375 0.39607846736907959 0.47058826684951782 1)
    (color-rgba 1 0.40784317255020142 0.48235297203063965 1)
    (color-rgba 0.97254908084869385 0.36862745881080627 0.44313728809356689 1)
    (color-rgba 1 0.61176470588235299 0.85490196078431369 1)
    (color-rgba 0.89803921568627454 0.9137254901960784 0.94117647058823528 1)
    (color-rgba 0.1803921568627451 0.20392156862745098 0.25098039215686274 1)
    (color-rgba 0 0 0 6.9526491737129877e-310)
    (color-rgba 0.87450980392156863 0.87450980392156863 0.87450980392156863 1)
    (color-rgba 0.53333333333333333 0.75294117647058822 0.81568627450980391 1)
    (color-rgba 0.2627450980392157 0.29803921568627451 0.36862745098039218 6.9530638545659353e-310)
    (color-rgba 0.16949152542372903 1 0 1)
    (color-rgba 0.23137256503105164 0.25490197539329529 0.28235295414924622 1)
    (color-rgba 0.18823529411764706 0.2196078431372549 0.27450980392156865 1)
    (color-rgba 0.23137256503105164 0.23921570181846619 0.28235295414924622 1)
    (color-rgba 0.1803921568627451 0.20392156862745098 0.25098039215686274 4.6784839156216913e-310)
    (color-rgba 1 1 1 4.6404150572432174e-310)
    (color-rgba 0.67372881355932202 0.67372881355932202 0.67372881355932202 1)
    (color-rgba 0.70588235294117652 0.9137254901960784 0.83921568627450982 1)
    (color-rgba 0.90196078431372551 0.56470588235294117 0.92549019607843142 1)
    (color-rgba 1 0.65098039215686276 0.96862745098039216 1)
    (color-rgba 0.99215686274509807 0.58039215686274515 0.95294117647058818 1)
    (color-rgba 0.7803921568627451 0.80784313725490198 0.91764705882352937 1)
    (color-rgba 0.17254902422428131 0.17254902422428131 0.17254902422428131 1)
    (color-rgba 0.08235294371843338 0.08235294371843338 0.090196080505847931 1)
    (color-rgba 0.17254901960784313 0.19215686274509805 0.23137254901960785 1)
    (color-rgba 0.86274509803921573 0.078431372549019607 0.23137254901960785 1)
    (color-rgba 0.29019607843137257 0.31764705882352939 0.35294117647058826 1)
    (color-rgba 0.078431372549019607 0.094117647058823528 0.12941176470588237 1)
    (color-rgba 0.36862745098039218 0.41568627450980394 0.45882352941176469 1)
    (color-rgba 0.18431372549019609 0.20392156862745098 0.24705882352941178 1)
    (color-rgba 0.38039215686274508 0.42745098039215684 0.47450980392156861 1)
    (color-rgba 0.86274509803921573 0.078431372549019607 0.23529411764705882 1)
    (color-rgba 0.4392156862745098 0.45490196078431372 0.46666666666666667 4.6586748577887606e-310)
    (color-rgba 0.4392156862745098 0.45490196078431372 0.46666666666666667 1)
    (color-rgba 0.60593220338983045 0.60593220338983045 0.60593220338983045 1)
    (color-rgba 0.26618132180639287 0.27590717779547264 0.30508474576271183 1)
    (color-rgba 0.15686274509803921 0.16862745098039217 0.20392156862745098 1)
    (color-rgba 0.16470588235294117 0.17647058823529413 0.20784313725490197 1)
    (color-rgba 0.27966101694915257 0.27966101694915257 0.27966101694915257 1)
    (color-rgba 0.14901961386203766 0.16470588743686676 0.17647059261798859 1)
    (color-rgba 0.81960784313725488 0.81960784313725488 0.81960784313725488 4.6593445790466272e-310)
    (color-rgba 0.26666668057441711 0.23529411852359772 0.24313725531101227 1)
    (color-rgba 0.99215686321258545 0.58039218187332153 0.69019609689712524 1)
    (color-rgba 0.17254901960784313 0.19215686274509805 0.23137254901960785 4.6733806013535853e-310)
    (color-rgba 0.57647058823529407 0.64313725490196083 0.70196078431372544 1)
    (color-rgba 0.81172031164169312 0.55800408124923706 0.9551924467086792 1)
    (color-rgba 0.24631223082542419 0.28874647617340088 0.33217427134513855 1)
    (color-rgba 0.1722320020198822 0.19074195623397827 0.23095133900642395 1)
    (color-rgba 0.58193480968475342 0.88951593637466431 0.9253578782081604 1)
    (color-rgba 0.65047943592071533 0.71173077821731567 0.93951517343521118 1)
    (color-rgba 0.21112501421908775 0.23005803204321515 0.27118644067796616 1)
    (color-rgba 0.58039215686274515 0.8901960784313725 0.92549019607843142 1)
    (color-rgba 0.24399954498919352 0.28995741383232859 0.33050847457627119 1)
    (color-rgba 0.65098039215686276 0.70980392156862748 0.94117647058823528 1)
    (color-rgba 1 0.60392156862745094 0.63529411764705879 1)
    (color-rgba 0.64313727617263794 0.17647059261798859 0.24705882370471954 1)
    (color-rgba 0.9490196704864502 0.14117647707462311 0.18431372940540314 1)
    (color-rgba 0.70980392156862748 0.91764705882352937 0.84313725490196079 1)
    (color-rgba 0.66949152542372881 0.66949152542372881 0.66949152542372881 1)
    (color-rgba 0.85593220338983045 0.85593220338983045 0.85593220338983045 1)
    (color-rgba 1 0.87248322147651003 0.94102348993288587 1)
    (color-rgba 0.99215686274509807 0.67843137254901964 0.84705882352941175 1)
    (color-rgba 0.41176470588235292 0.41176470588235292 0.41176470588235292 1)
    (color-rgba 0.94491525423728817 0.6658798771470823 0.92236694093706961 1)
    (color-rgba 0.94901960784313721 0.57647058823529407 0.92549019607843142 1)
    (color-rgba 0.21176470588235294 0.27843137254901962 0.36078431372549019 1)
    (color-rgba 0.59999999999999998 0.59999999999999998 0.59999999999999998 1)
    (color-rgba 0.64406779661016955 0.64406779661016955 0.64406779661016955 1)
    (color-rgba 0.74152542372881358 0.74152542372881358 0.74152542372881358 1)
    (color-rgba 0.68220338983050843 0.68220338983050843 0.68220338983050843 1)
    (color-rgba 0.95987904712736927 0.78523489932885904 1 1)
    (color-rgba 0.73305084745762716 0.73305084745762716 0.73305084745762716 1)
    (color-rgba 0.7803921568627451 0.47450980392156861 0.90980392156862744 1)
    (color-rgba 0.72881355932203395 0.72881355932203395 0.72881355932203395 1)
    (color-rgba 0.93224672419303278 0.64429530201342278 1 1)
    (color-rgba 1 0.63758389261744974 0.97528981086028055 1)
    (color-rgba 1 0.65771812080536907 0.79876834574821165 1)
    (color-rgba 0.85473046113877471 0.59060402684563762 1 1)
    (color-rgba 1 0.63087248322147649 0.88997160557563237 1)
    (color-rgba 0.88327983659177134 0.66442953020134232 1 1)
    (color-rgba 1 0.65771812080536907 0.89398348874502576 1)
    (color-rgba 1 0.68456375838926176 0.81719035997559475 1)
    (color-rgba 0.90980392156862744 0.2196078431372549 0.50980392156862742 1)
    (color-rgba 0.66666666666666663 0.66666666666666663 0.66666666666666663 0)
    (color-rgba 1 0.79194630872483218 0.88004111494044368 1)
    (color-rgba 1 0.56375838926174504 0.74756805670763904 1)
    (color-rgba 1 0.63758389261744974 0.78546632723906507 1)
    (color-rgba 0.90588235294117647 0.22352941176470589 0.50196078431372548 1)
    (color-rgba 0.66666666666666663 0.66666666666666663 0.66666666666666663 1)
    (color-rgba 0.36470588235294116 0.37647058823529411 0.39215686274509803 1)
    (color-rgba 0.25490196078431371 0.29019607843137257 0.32156862745098042 1)
    (color-rgba 0.59999999999999998 0.59999999999999998 0.59999999999999998 4.6525859305337423e-310)
    (color-rgba 0.60169491525423724 0.60169491525423724 0.60169491525423724 1)
    (color-rgba 0.90980392156862744 0.21568627450980393 0.49803921568627452 1)
    (color-rgba 0.80084745762711862 0.80084745762711862 0.80084745762711862 1)
    (color-rgba 0.63126504421234131 0.83381187915802002 -1.7743213176727295 1)
    (color-rgba 0.69067796610169485 0.69067796610169485 0.69067796610169485 1)
    (color-rgba 0.72457627118644075 0.72457627118644075 0.72457627118644075 1)
    (color-rgba 0.19491525423728817 0.19491525423728817 0.19491525423728817 1)
    (color-rgba 0.066666666666666666 0.070588235294117646 0.090196078431372548 1)
    (color-rgba 0.95302013422818788 0.96085011185682323 1 1)
    (color-rgba 0.98431378602981567 0.08235294371843338 0.24705883860588074 1)
    (color-rgba 0.054814279079437256 0.061389423906803131 0.13609355688095093 1)
    (color-rgba 0.16470588235294117 0.17254901960784313 0.23137254901960785 1)
    (color-rgba 0.85490202903747559 0.0039215688593685627 0.14509804546833038 1)
    (color-rgba 0.22745099663734436 0.023529414087533951 0.21176472306251526 1)
    (color-rgba 0.96078437566757202 0.10588236153125763 0.28235295414924622 1)
    (color-rgba 0.22352942824363708 0.023529414087533951 0.21176472306251526 1)
    (color-rgba 0.64705884456634521 0.039215687662363052 0.16862745583057404 1)
    (color-rgba 0.93615913391113281 0.10692951828241348 0.19797301292419434 1)
    (color-rgba 0.19607844948768616 0.027450982481241226 0.19607844948768616 1)
    (color-rgba 0.13333334028720856 0.13333334028720856 0.22745099663734436 1)
    (color-rgba 0.93725496530532837 0.10588236153125763 0.19607844948768616 1)
    (color-rgba 0.92549019607843142 0 0.31372549019607843 1)
    (color-rgba 0.050980396568775177 0.062745101749897003 0.13725490868091583 1)
    (color-rgba 0.098039215686274508 0.10588235294117647 0.14509803921568629 1)
    (color-rgba 0.086274509803921567 0.10588235294117647 0.15294117647058825 1)
    (color-rgba 0.11764706671237946 0.11764706671237946 0.11764706671237946 1)
    (color-rgba 0.20392156862745098 0.59607843137254901 0.85882352941176465 1)
    (color-rgba 0.13333334028720856 0.18431372940540314 0.24313727021217346 1)
    (color-rgba 1 0.41960784313725491 0.41960784313725491 1)
    (color-rgba 0.93333333333333335 0.32156862745098042 0.32549019607843138 1)
    (color-rgba 0.17647058823529413 0.20392156862745098 0.21176470588235294 1)
    (color-rgba 0.90980398654937744 0.70196080207824707 0.20392158627510071 1)
    (color-rgba 0.3411764705882353 0.396078431372549 0.45490196078431372 1)
    (color-rgba 0.17254901960784313 0.24313725490196078 0.31372549019607843 1)
    (color-rgba 0.20392156862745098 0.28627450980392155 0.36862745098039218 1)
    (color-rgba 0.035294117647058823 0.51764705882352946 0.8901960784313725 1)
    (color-rgba 0.45490196078431372 0.72549019607843135 1 1)
    (color-rgba 0.96078431372549022 0.96470588235294119 0.98039215686274506 1)
    (color-rgba 0.96078431372549022 0.23137254901960785 0.3411764705882353 1)
    (color-rgba 0.96078431372549022 0.96470588235294119 0.98039215686274506 4.9406564584124654e-324)
    (color-rgba 0.92549019607843142 0.94117647058823528 0.94509803921568625 1)
    (color-rgba 0.11764705882352941 0.15294117647058825 0.1803921568627451 1)
    (color-rgba 0.23626957494407158 0.2697741890380313 0.29583333333333328 1)
    (color-rgba 0.18431372549019609 0.21176470588235294 0.25098039215686274 1)
    (color-rgba 0.7803921568627451 0.92549019607843142 0.93333333333333335 1)
    (color-rgba 0.095833333333333326 0.095833333333333326 0.095833333333333326 1)
    (color-rgba 0.47058823529411764 0.49411764705882355 0.72156862745098038 1)
    (color-rgba 0.37647058823529411 0.43137254901960786 0.47058823529411764 1)
    (color-rgba 0.93725496530532837 0.23137256503105164 0.22745099663734436 1)
    (color-rgba 0.054901960784313725 0.55294117647058827 0.75294117647058822 4.6555450215152574e-310)
    (color-rgba 0.054901961237192154 0.55294120311737061 0.75294119119644165 1)
    (color-rgba 0.12820512820512819 0.70940170940170932 1 1)
    (color-rgba 0.14901960784313725 0.19607843137254902 0.2196078431372549 1)
    (color-rgba 0.38039215686274508 0.43529411764705883 0.47843137254901963 1)
    (color-rgba 0.9490196704864502 0.9490196704864502 0.9490196704864502 1)
    (color-rgba 0.80392163991928101 0.61568629741668701 0.60000002384185791 1)
    (color-rgba 0.84705889225006104 0.63529413938522339 0.62745100259780884 1)
    (color-rgba 0.50196078431372548 0.21176470588235294 0.1803921568627451 1)
    (color-rgba 0.086274509803921567 0.62745098039215685 0.52156862745098043 1)
    (color-rgba 0.67058825492858887 0.67058825492858887 0.67058825492858887 1)
    (color-rgba 0.28235294117647058 0.4823529411764706 0.71764705882352942 1)
    (color-rgba 0.94117647058823528 0.3843137254901961 0.5725490196078431 1)
    (color-rgba 1 0.792156862745098 0.15686274509803921 1)
    (color-rgba 0.49411764705882355 0.3411764705882353 0.76078431372549016 1)
    (color-rgba 0.40000000000000002 0.73333333333333328 0.41568627450980394 1)
    (color-rgba 0.93725490196078431 0.32549019607843138 0.31372549019607843 1)
    (color-rgba 0.80784313725490198 0 0.039215686274509803 1)
    (color-rgba 0.11372549019607843 0.090196078431372548 0.035294117647058823 1)
    (color-rgba 0.11372549019607843 0.090196078431372548 0.035294117647058823 4.68809624988719e-310)
    (color-rgba 0.0039215686274509803 0.0039215686274509803 0.0039215686274509803 4.6880933920107061e-310)
    (color-rgba 0.10196078431372549 0.078431372549019607 0.023529411764705882 0)
    (color-rgba 0.0039215688593685627 0.0039215688593685627 0.0039215688593685627 1)
    (color-rgba 0.14117647058823529 0.11764705882352941 0.054901960784313725 4.6880934946704328e-310)
    (color-rgba 0.14117647058823529 0.11764705882352941 0.054901960784313725 1)
    (color-rgba 0.23137256503105164 0.25098040699958801 0.23921570181846619 1)
    (color-rgba 0.24313727021217346 0.26274511218070984 0.24705883860588074 1)
    (color-rgba 0.20784315466880798 0.22745099663734436 0.21568629145622253 1)
    (color-rgba 0.86274509803921573 0.078431372549019607 0.23529411764705882 4.9406564584124654e-324)
    (color-rgba 0.18431372940540314 0.19607844948768616 0.24705883860588074 1)
    (color-rgba 0.015686275437474251 0.090196080505847931 0.054901964962482452 1)
    (color-rgba 0.37647058823529411 0.22352941176470589 0.26666666666666666 1)
    (color-rgba 0.18431372549019609 0.20392156862745098 0.24705882352941178 4.6753484661419049e-310)
    (color-rgba 0.36862745098039218 0.23529411764705882 0.28235294117647058 4.9406564584124654e-324)
    (color-rgba 0.36862745098039218 0.23529411764705882 0.28235294117647058 1)
    (color-rgba 0.35294117647058826 0.27058823529411763 0.30196078431372547 1)
    (color-rgba 0.36078431372549019 0.22352941176470589 0.27450980392156865 1)
    (color-rgba 0.3411764705882353 0.32549019607843138 0.29803921568627451 4.6563218373800555e-310)
    (color-rgba 0.3411764705882353 0.32549019607843138 0.29803921568627451 1)
    (color-rgba 0.22352941176470589 0.24313725490196078 0.29803921568627451 4.6563205063087083e-310)
    (color-rgba 0.15686274509803921 0.16862745098039217 0.21568627450980393 4.6435631700373599e-310)
    (color-rgba 0.87450980392156863 0.0078431372549019607 0.23137254901960785 1)
    (color-rgba 0.87450980392156863 0.0078431372549019607 0.23137254901960785 4.9406564584124654e-324)
    (color-rgba 0.87058823529411766 0.0078431372549019607 0.23529411764705882 1)
    (color-rgba 0.42745100000000003 0.42745100000000003 0.42745100000000003 1)
    (color-rgba 0.36078399999999999 0.35795500000000002 0.35795500000000002 1)
    (color-rgba 0.026759000000000002 0.56862699999999999 0 1)
    (color-rgba 1 0 0 1)
    (color-rgba 0 0 1 1)
    (color-rgba 1 1 1 1)
    (color-rgba 1 1 1 1)
    (color-rgba 1 1 1 1)
    (color-rgba 1 1 1 1)
    (color-rgba 1 1 1 1)
    (color-rgba 1 1 1 1))

# end of colorrc
